name: env_ml
channels:
  - defaults
dependencies:
  - asttokens=3.0.0=py311haa95532_0
  - blas=1.0=mkl
  - bottleneck=1.4.2=py311h57dcf0c_0
  - bzip2=1.0.8=h2bbff1b_6
  - ca-certificates=2025.9.9=haa95532_0
  - colorama=0.4.6=py311haa95532_0
  - comm=0.2.1=py311haa95532_0
  - debugpy=1.8.16=py311h885b0b7_0
  - decorator=5.2.1=py311haa95532_0
  - executing=2.2.1=py311haa95532_0
  - icc_rt=2022.1.0=h6049295_2
  - intel-openmp=2025.0.0=haa95532_1164
  - ipykernel=6.30.1=py311haa95532_0
  - ipython=9.5.0=py311haa95532_0
  - ipython_pygments_lexers=1.1.1=py311haa95532_0
  - jedi=0.19.2=py311haa95532_0
  - joblib=1.5.2=py311haa95532_0
  - jupyter_client=8.6.3=py311haa95532_0
  - jupyter_core=5.8.1=py311haa95532_0
  - libffi=3.4.4=hd77b12b_1
  - libsodium=1.0.20=h83e8143_0
  - libzlib=1.3.1=h02ab6af_0
  - matplotlib-inline=0.1.7=py311haa95532_0
  - mkl=2025.0.0=h5da7b33_930
  - mkl-service=2.5.2=py311h0b37514_0
  - mkl_fft=2.1.1=py311h300f80d_0
  - mkl_random=1.3.0=py311ha5e6156_0
  - nest-asyncio=1.6.0=py311haa95532_0
  - numexpr=2.11.0=py311ha02bb35_1
  - openssl=3.0.18=h543e019_0
  - packaging=25.0=py311haa95532_1
  - pandas=2.3.3=py311ha5e6156_0
  - parso=0.8.4=py311haa95532_0
  - pip=25.2=pyhc872135_1
  - platformdirs=4.3.7=py311haa95532_0
  - prompt-toolkit=3.0.52=py311haa95532_1
  - prompt_toolkit=3.0.52=hd3eb1b0_1
  - psutil=7.0.0=py311h02ab6af_1
  - pure_eval=0.2.3=py311haa95532_0
  - pygments=2.19.1=py311haa95532_0
  - python=3.11.5=he1021f5_0
  - python-dateutil=2.9.0post0=py311haa95532_2
  - python-tzdata=2025.2=pyhd3eb1b0_0
  - pytz=2025.2=py311haa95532_0
  - pywin32=311=py311h885b0b7_0
  - pyzmq=27.1.0=py311h7149c55_0
  - scikit-learn=1.7.1=py311h3fbe716_0
  - scipy=1.16.2=py311h86a6471_0
  - setuptools=80.9.0=py311haa95532_0
  - six=1.17.0=py311haa95532_0
  - sqlite=3.50.2=hda9a48d_1
  - stack_data=0.6.3=py311haa95532_0
  - tbb=2022.0.0=h214f63a_0
  - tbb-devel=2022.0.0=h214f63a_0
  - threadpoolctl=3.5.0=py311h746a85d_0
  - tk=8.6.15=hf199647_0
  - tornado=6.5.1=py311h827c3e9_0
  - traitlets=5.14.3=py311haa95532_0
  - typing_extensions=4.15.0=py311haa95532_0
  - tzdata=2025b=h04d1e81_0
  - ucrt=10.0.22621.0=haa95532_0
  - vc=14.3=h2df5915_10
  - vc14_runtime=14.44.35208=h4927774_10
  - vs2015_runtime=14.44.35208=ha6b5a95_10
  - wcwidth=0.2.13=py311haa95532_0
  - wheel=0.45.1=py311haa95532_0
  - xz=5.6.4=h4754444_1
  - zeromq=4.3.5=h6c54ac7_1
  - zlib=1.3.1=h02ab6af_0
  - pip:
      - numpy==2.3.4
prefix: C:\Users\alexa\anaconda3\envs\env_ml
